    -0.000    -0.000   -22.950    -0.000    -0.000     1.000      63
     0.000     0.000   -17.850     0.000     0.000     1.000      63
    -0.000    -0.000   -12.750    -0.000    -0.000     1.000      63
     0.000     0.000    -7.650     0.000     0.000     1.000      63
    -0.000    -0.000    -2.550    -0.000    -0.000     1.000      63
     0.000     0.000     2.550     0.000     0.000     1.000      63
    -0.000    -0.000     7.650    -0.000    -0.000     1.000      63
     0.000     0.000    12.750     0.000     0.000     1.000      63
    -0.000    -0.000    17.850    -0.000    -0.000     1.000      63
     0.000     0.000    22.950     0.000     0.000     1.000      63
    -0.000    -0.000    28.050    -0.000    -0.000     1.000      63
    -1.819    -0.000   -25.500    -1.294    -0.000    -0.947     152
     1.819     0.000   -20.400     1.294     0.000    -0.947     152
    -1.819    -0.000   -15.300    -1.294    -0.000    -0.947     152
     1.819     0.000   -10.200     1.294     0.000    -0.947     152
    -1.819    -0.000    -5.100    -1.294    -0.000    -0.947     152
     1.819     0.000     0.000     1.294     0.000    -0.947     152
    -1.819    -0.000     5.100    -1.294    -0.000    -0.947     152
     1.819     0.000    10.200     1.294     0.000    -0.947     152
    -1.819    -0.000    15.300    -1.294    -0.000    -0.947     152
     1.819     0.000    20.400     1.294     0.000    -0.947     152
    -1.819    -0.000    25.500    -1.294    -0.000    -0.947     152
     0.909    -1.575   -25.500     0.646    -1.121    -0.948     152
    -0.909     1.575   -20.400    -0.646     1.121    -0.948     152
     0.909    -1.575   -15.300     0.646    -1.121    -0.948     152
    -0.909     1.575   -10.200    -0.646     1.121    -0.948     152
     0.909    -1.575    -5.100     0.646    -1.121    -0.948     152
    -0.909     1.575     0.000    -0.646     1.121    -0.948     152
     0.909    -1.575     5.100     0.646    -1.121    -0.948     152
    -0.909     1.575    10.200    -0.646     1.121    -0.948     152
     0.909    -1.575    15.300     0.646    -1.121    -0.948     152
    -0.909     1.575    20.400    -0.646     1.121    -0.948     152
     0.909    -1.575    25.500     0.646    -1.121    -0.948     152
     0.909     1.575   -25.500     0.646     1.121    -0.948     152
    -0.909    -1.575   -20.400    -0.646    -1.121    -0.948     152
     0.909     1.575   -15.300     0.646     1.121    -0.948     152
    -0.909    -1.575   -10.200    -0.646    -1.121    -0.948     152
     0.909     1.575    -5.100     0.646     1.121    -0.948     152
    -0.909    -1.575     0.000    -0.646    -1.121    -0.948     152
     0.909     1.575     5.100     0.646     1.121    -0.948     152
    -0.909    -1.575    10.200    -0.646    -1.121    -0.948     152
     0.909     1.575    15.300     0.646     1.121    -0.948     152
    -0.909    -1.575    20.400    -0.646    -1.121    -0.948     152
     0.909     1.575    25.500     0.646     1.121    -0.948     152
     3.637    -3.150   -25.500    -0.403     0.350     0.021       1
     3.637    -3.150   -15.300    -0.403     0.350     0.021       1
     3.637    -3.150    -5.100    -0.403     0.350     0.021       1
     3.637    -3.150     5.100    -0.403     0.350     0.021       1
     3.637    -3.150    15.300    -0.403     0.350     0.021       1
     3.637    -3.150    25.500    -0.403     0.350     0.021       1
     4.547     1.575   -20.400    -0.504    -0.175     0.021       1
     4.547     1.575   -10.200    -0.504    -0.175     0.021       1
     4.547     1.575     0.000    -0.504    -0.175     0.021       1
     4.547     1.575    10.200    -0.504    -0.175     0.021       1
     4.547     1.575    20.400    -0.504    -0.175     0.021       1
     4.547    -1.575   -20.400    -0.504     0.175     0.021       1
     4.547    -1.575   -10.200    -0.504     0.175     0.021       1
     4.547    -1.575     0.000    -0.504     0.175     0.021       1
     4.547    -1.575    10.200    -0.504     0.175     0.021       1
     4.547    -1.575    20.400    -0.504     0.175     0.021       1
    -0.909     4.725   -20.400     0.101    -0.524     0.021       1
    -0.909     4.725   -10.200     0.101    -0.524     0.021       1
    -0.909     4.725     0.000     0.101    -0.524     0.021       1
    -0.909     4.725    10.200     0.101    -0.524     0.021       1
    -0.909     4.725    20.400     0.101    -0.524     0.021       1
     3.637     3.150   -25.500    -0.403    -0.350     0.021       1
     3.637     3.150   -15.300    -0.403    -0.350     0.021       1
     3.637     3.150    -5.100    -0.403    -0.350     0.021       1
     3.637     3.150     5.100    -0.403    -0.350     0.021       1
     3.637     3.150    15.300    -0.403    -0.350     0.021       1
     3.637     3.150    25.500    -0.403    -0.350     0.021       1
     0.909     4.725   -25.500    -0.101    -0.524     0.021       1
     0.909     4.725   -15.300    -0.101    -0.524     0.021       1
     0.909     4.725    -5.100    -0.101    -0.524     0.021       1
     0.909     4.725     5.100    -0.101    -0.524     0.021       1
     0.909     4.725    15.300    -0.101    -0.524     0.021       1
     0.909     4.725    25.500    -0.101    -0.524     0.021       1
    -1.819     6.300   -25.500     0.022    -0.075     0.355      54
    -1.819     6.300   -15.300     0.022    -0.075     0.355      54
    -1.819     6.300    -5.100     0.022    -0.075     0.355      54
    -1.819     6.300     5.100     0.022    -0.075     0.355      54
    -1.819     6.300    15.300     0.022    -0.075     0.355      54
    -1.819     6.300    25.500     0.022    -0.075     0.355      54
     1.819     6.300   -20.400    -0.022    -0.075     0.355      54
     1.819     6.300   -10.200    -0.022    -0.075     0.355      54
     1.819     6.300     0.000    -0.022    -0.075     0.355      54
     1.819     6.300    10.200    -0.022    -0.075     0.355      54
     1.819     6.300    20.400    -0.022    -0.075     0.355      54
     4.547     4.725   -20.400    -0.054    -0.056     0.355      54
     4.547     4.725   -10.200    -0.054    -0.056     0.355      54
     4.547     4.725     0.000    -0.054    -0.056     0.355      54
     4.547     4.725    10.200    -0.054    -0.056     0.355      54
     4.547     4.725    20.400    -0.054    -0.056     0.355      54
     6.365     1.575   -25.500    -0.075    -0.019     0.355      54
     6.365     1.575   -15.300    -0.075    -0.019     0.355      54
     6.365     1.575    -5.100    -0.075    -0.019     0.355      54
     6.365     1.575     5.100    -0.075    -0.019     0.355      54
     6.365     1.575    15.300    -0.075    -0.019     0.355      54
     6.365     1.575    25.500    -0.075    -0.019     0.355      54
     4.547    -4.725   -20.400    -0.054     0.056     0.355      54
     4.547    -4.725   -10.200    -0.054     0.056     0.355      54
     4.547    -4.725     0.000    -0.054     0.056     0.355      54
     4.547    -4.725    10.200    -0.054     0.056     0.355      54
     4.547    -4.725    20.400    -0.054     0.056     0.355      54
     6.365    -1.575   -25.500    -0.075     0.019     0.355      54
     6.365    -1.575   -15.300    -0.075     0.019     0.355      54
     6.365    -1.575    -5.100    -0.075     0.019     0.355      54
     6.365    -1.575     5.100    -0.075     0.019     0.355      54
     6.365    -1.575    15.300    -0.075     0.019     0.355      54
     6.365    -1.575    25.500    -0.075     0.019     0.355      54
     0.909     7.875   -25.500     0.023     0.196     0.205      94
     0.909     7.875   -15.300     0.023     0.196     0.205      94
     0.909     7.875    -5.100     0.023     0.196     0.205      94
     0.909     7.875     5.100     0.023     0.196     0.205      94
     0.909     7.875    15.300     0.023     0.196     0.205      94
     0.909     7.875    25.500     0.023     0.196     0.205      94
     6.365    -4.725   -25.500     0.158    -0.117     0.205      94
     6.365    -4.725   -15.300     0.158    -0.117     0.205      94
     6.365    -4.725    -5.100     0.158    -0.117     0.205      94
     6.365    -4.725     5.100     0.158    -0.117     0.205      94
     6.365    -4.725    15.300     0.158    -0.117     0.205      94
     6.365    -4.725    25.500     0.158    -0.117     0.205      94
     7.275    -3.150   -20.400     0.181    -0.078     0.205      94
     7.275    -3.150   -10.200     0.181    -0.078     0.205      94
     7.275    -3.150     0.000     0.181    -0.078     0.205      94
     7.275    -3.150    10.200     0.181    -0.078     0.205      94
     7.275    -3.150    20.400     0.181    -0.078     0.205      94
     7.275     3.150   -20.400     0.181     0.078     0.205      94
     7.275     3.150   -10.200     0.181     0.078     0.205      94
     7.275     3.150     0.000     0.181     0.078     0.205      94
     7.275     3.150    10.200     0.181     0.078     0.205      94
     7.275     3.150    20.400     0.181     0.078     0.205      94
    -0.909     7.875   -20.400    -0.023     0.196     0.205      94
    -0.909     7.875   -10.200    -0.023     0.196     0.205      94
    -0.909     7.875     0.000    -0.023     0.196     0.205      94
    -0.909     7.875    10.200    -0.023     0.196     0.205      94
    -0.909     7.875    20.400    -0.023     0.196     0.205      94
     6.365     4.725   -25.500     0.158     0.117     0.205      94
     6.365     4.725   -15.300     0.158     0.117     0.205      94
     6.365     4.725    -5.100     0.158     0.117     0.205      94
     6.365     4.725     5.100     0.158     0.117     0.205      94
     6.365     4.725    15.300     0.158     0.117     0.205      94
     6.365     4.725    25.500     0.158     0.117     0.205      94
     4.547    -7.875   -20.400     0.118    -0.204    -0.000     127
     4.547    -7.875   -10.200     0.118    -0.204    -0.000     127
     4.547    -7.875     0.000     0.118    -0.204    -0.000     127
     4.547    -7.875    10.200     0.118    -0.204    -0.000     127
     4.547    -7.875    20.400     0.118    -0.204    -0.000     127
     4.547     7.875   -20.400     0.118     0.204    -0.000     127
     4.547     7.875   -10.200     0.118     0.204    -0.000     127
     4.547     7.875     0.000     0.118     0.204    -0.000     127
     4.547     7.875    10.200     0.118     0.204    -0.000     127
     4.547     7.875    20.400     0.118     0.204    -0.000     127
     9.093    -0.000   -25.500     0.236    -0.000    -0.000     127
     9.093    -0.000   -15.300     0.236    -0.000    -0.000     127
     9.093    -0.000    -5.100     0.236    -0.000    -0.000     127
     9.093    -0.000     5.100     0.236    -0.000    -0.000     127
     9.093    -0.000    15.300     0.236    -0.000    -0.000     127
     9.093    -0.000    25.500     0.236    -0.000    -0.000     127
     6.365    -7.875   -25.500     0.098    -0.121    -0.130     155
     6.365    -7.875   -15.300     0.098    -0.121    -0.130     155
     6.365    -7.875    -5.100     0.098    -0.121    -0.130     155
     6.365    -7.875     5.100     0.098    -0.121    -0.130     155
     6.365    -7.875    15.300     0.098    -0.121    -0.130     155
     6.365    -7.875    25.500     0.098    -0.121    -0.130     155
     6.365     7.875   -25.500     0.098     0.121    -0.130     155
     6.365     7.875   -15.300     0.098     0.121    -0.130     155
     6.365     7.875    -5.100     0.098     0.121    -0.130     155
     6.365     7.875     5.100     0.098     0.121    -0.130     155
     6.365     7.875    15.300     0.098     0.121    -0.130     155
     6.365     7.875    25.500     0.098     0.121    -0.130     155
     3.637     9.450   -25.500     0.056     0.145    -0.130     155
     3.637     9.450   -15.300     0.056     0.145    -0.130     155
     3.637     9.450    -5.100     0.056     0.145    -0.130     155
     3.637     9.450     5.100     0.056     0.145    -0.130     155
     3.637     9.450    15.300     0.056     0.145    -0.130     155
     3.637     9.450    25.500     0.056     0.145    -0.130     155
    10.003    -1.575   -20.400     0.153    -0.024    -0.130     155
    10.003    -1.575   -10.200     0.153    -0.024    -0.130     155
    10.003    -1.575     0.000     0.153    -0.024    -0.130     155
    10.003    -1.575    10.200     0.153    -0.024    -0.130     155
    10.003    -1.575    20.400     0.153    -0.024    -0.130     155
    10.003     1.575   -20.400     0.153     0.024    -0.130     155
    10.003     1.575   -10.200     0.153     0.024    -0.130     155
    10.003     1.575     0.000     0.153     0.024    -0.130     155
    10.003     1.575    10.200     0.153     0.024    -0.130     155
    10.003     1.575    20.400     0.153     0.024    -0.130     155
     9.093     6.300   -25.500     0.037     0.025    -0.173     180
     9.093     6.300   -15.300     0.037     0.025    -0.173     180
     9.093     6.300    -5.100     0.037     0.025    -0.173     180
     9.093     6.300     5.100     0.037     0.025    -0.173     180
     9.093     6.300    15.300     0.037     0.025    -0.173     180
     9.093     6.300    25.500     0.037     0.025    -0.173     180
     9.093    -6.300   -25.500     0.037    -0.025    -0.173     180
     9.093    -6.300   -15.300     0.037    -0.025    -0.173     180
     9.093    -6.300    -5.100     0.037    -0.025    -0.173     180
     9.093    -6.300     5.100     0.037    -0.025    -0.173     180
     9.093    -6.300    15.300     0.037    -0.025    -0.173     180
     9.093    -6.300    25.500     0.037    -0.025    -0.173     180
     0.909    11.025   -25.500     0.004     0.044    -0.173     180
     0.909    11.025   -15.300     0.004     0.044    -0.173     180
     0.909    11.025    -5.100     0.004     0.044    -0.173     180
     0.909    11.025     5.100     0.004     0.044    -0.173     180
     0.909    11.025    15.300     0.004     0.044    -0.173     180
     0.909    11.025    25.500     0.004     0.044    -0.173     180
    -0.909    11.025   -20.400    -0.004     0.044    -0.173     180
    -0.909    11.025   -10.200    -0.004     0.044    -0.173     180
    -0.909    11.025     0.000    -0.004     0.044    -0.173     180
    -0.909    11.025    10.200    -0.004     0.044    -0.173     180
    -0.909    11.025    20.400    -0.004     0.044    -0.173     180
    10.003    -4.725   -20.400     0.040    -0.019    -0.173     180
    10.003    -4.725   -10.200     0.040    -0.019    -0.173     180
    10.003    -4.725     0.000     0.040    -0.019    -0.173     180
    10.003    -4.725    10.200     0.040    -0.019    -0.173     180
    10.003    -4.725    20.400     0.040    -0.019    -0.173     180
    10.003     4.725   -20.400     0.040     0.019    -0.173     180
    10.003     4.725   -10.200     0.040     0.019    -0.173     180
    10.003     4.725     0.000     0.040     0.019    -0.173     180
    10.003     4.725    10.200     0.040     0.019    -0.173     180
    10.003     4.725    20.400     0.040     0.019    -0.173     180
     7.275     9.450   -20.400    -0.030    -0.038    -0.152     203
     7.275     9.450   -10.200    -0.030    -0.038    -0.152     203
     7.275     9.450     0.000    -0.030    -0.038    -0.152     203
     7.275     9.450    10.200    -0.030    -0.038    -0.152     203
     7.275     9.450    20.400    -0.030    -0.038    -0.152     203
     4.547    11.025   -20.400    -0.018    -0.045    -0.152     203
     4.547    11.025   -10.200    -0.018    -0.045    -0.152     203
     4.547    11.025     0.000    -0.018    -0.045    -0.152     203
     4.547    11.025    10.200    -0.018    -0.045    -0.152     203
     4.547    11.025    20.400    -0.018    -0.045    -0.152     203
    11.821    -1.575   -25.500    -0.048     0.006    -0.152     203
    11.821    -1.575   -15.300    -0.048     0.006    -0.152     203
    11.821    -1.575    -5.100    -0.048     0.006    -0.152     203
    11.821    -1.575     5.100    -0.048     0.006    -0.152     203
    11.821    -1.575    15.300    -0.048     0.006    -0.152     203
    11.821    -1.575    25.500    -0.048     0.006    -0.152     203
    11.821     1.575   -25.500    -0.048    -0.006    -0.152     203
    11.821     1.575   -15.300    -0.048    -0.006    -0.152     203
    11.821     1.575    -5.100    -0.048    -0.006    -0.152     203
    11.821     1.575     5.100    -0.048    -0.006    -0.152     203
    11.821     1.575    15.300    -0.048    -0.006    -0.152     203
    11.821     1.575    25.500    -0.048    -0.006    -0.152     203
     7.275    -9.450   -20.400    -0.030     0.038    -0.152     203
     7.275    -9.450   -10.200    -0.030     0.038    -0.152     203
     7.275    -9.450     0.000    -0.030     0.038    -0.152     203
     7.275    -9.450    10.200    -0.030     0.038    -0.152     203
     7.275    -9.450    20.400    -0.030     0.038    -0.152     203
    -1.819    12.600   -25.500     0.015    -0.105    -0.098     224
    -1.819    12.600   -15.300     0.015    -0.105    -0.098     224
    -1.819    12.600    -5.100     0.015    -0.105    -0.098     224
    -1.819    12.600     5.100     0.015    -0.105    -0.098     224
    -1.819    12.600    15.300     0.015    -0.105    -0.098     224
    -1.819    12.600    25.500     0.015    -0.105    -0.098     224
     1.819    12.600   -20.400    -0.015    -0.105    -0.098     224
     1.819    12.600   -10.200    -0.015    -0.105    -0.098     224
     1.819    12.600     0.000    -0.015    -0.105    -0.098     224
     1.819    12.600    10.200    -0.015    -0.105    -0.098     224
     1.819    12.600    20.400    -0.015    -0.105    -0.098     224
    12.731     0.000   -20.400    -0.106    -0.000    -0.098     224
    12.731     0.000   -10.200    -0.106    -0.000    -0.098     224
    12.731     0.000     0.000    -0.106    -0.000    -0.098     224
    12.731     0.000    10.200    -0.106    -0.000    -0.098     224
    12.731     0.000    20.400    -0.106    -0.000    -0.098     224
     6.365   -11.025   -25.500    -0.053     0.092    -0.098     224
     6.365   -11.025   -15.300    -0.053     0.092    -0.098     224
     6.365   -11.025    -5.100    -0.053     0.092    -0.098     224
     6.365   -11.025     5.100    -0.053     0.092    -0.098     224
     6.365   -11.025    15.300    -0.053     0.092    -0.098     224
     6.365   -11.025    25.500    -0.053     0.092    -0.098     224
     6.365    11.025   -25.500    -0.053    -0.092    -0.098     224
     6.365    11.025   -15.300    -0.053    -0.092    -0.098     224
     6.365    11.025    -5.100    -0.053    -0.092    -0.098     224
     6.365    11.025     5.100    -0.053    -0.092    -0.098     224
     6.365    11.025    15.300    -0.053    -0.092    -0.098     224
     6.365    11.025    25.500    -0.053    -0.092    -0.098     224
    10.003    -7.875   -20.400    -0.083     0.066    -0.098     224
    10.003    -7.875   -10.200    -0.083     0.066    -0.098     224
    10.003    -7.875     0.000    -0.083     0.066    -0.098     224
    10.003    -7.875    10.200    -0.083     0.066    -0.098     224
    10.003    -7.875    20.400    -0.083     0.066    -0.098     224
    10.003     7.875   -20.400    -0.083    -0.066    -0.098     224
    10.003     7.875   -10.200    -0.083    -0.066    -0.098     224
    10.003     7.875     0.000    -0.083    -0.066    -0.098     224
    10.003     7.875    10.200    -0.083    -0.066    -0.098     224
    10.003     7.875    20.400    -0.083    -0.066    -0.098     224
    11.821    -4.725   -25.500    -0.098     0.039    -0.098     224
    11.821    -4.725   -15.300    -0.098     0.039    -0.098     224
    11.821    -4.725    -5.100    -0.098     0.039    -0.098     224
    11.821    -4.725     5.100    -0.098     0.039    -0.098     224
    11.821    -4.725    15.300    -0.098     0.039    -0.098     224
    11.821    -4.725    25.500    -0.098     0.039    -0.098     224
    11.821     4.725   -25.500    -0.098    -0.039    -0.098     224
    11.821     4.725   -15.300    -0.098    -0.039    -0.098     224
    11.821     4.725    -5.100    -0.098    -0.039    -0.098     224
    11.821     4.725     5.100    -0.098    -0.039    -0.098     224
    11.821     4.725    15.300    -0.098    -0.039    -0.098     224
    11.821     4.725    25.500    -0.098    -0.039    -0.098     224
    11.821    -7.875   -25.500    -0.100     0.066     0.022       6
    11.821    -7.875   -15.300    -0.100     0.066     0.022       6
    11.821    -7.875    -5.100    -0.100     0.066     0.022       6
    11.821    -7.875     5.100    -0.100     0.066     0.022       6
    11.821    -7.875    15.300    -0.100     0.066     0.022       6
    11.821    -7.875    25.500    -0.100     0.066     0.022       6
    12.731     6.300   -20.400    -0.107    -0.053     0.022       7
    12.731     6.300   -10.200    -0.107    -0.053     0.022       7
    12.731     6.300     0.000    -0.107    -0.053     0.022       7
    12.731     6.300    10.200    -0.107    -0.053     0.022       7
    12.731     6.300    20.400    -0.107    -0.053     0.022       7
    11.821     7.875   -25.500    -0.100    -0.066     0.022       6
    11.821     7.875   -15.300    -0.100    -0.066     0.022       6
    11.821     7.875    -5.100    -0.100    -0.066     0.022       6
    11.821     7.875     5.100    -0.100    -0.066     0.022       6
    11.821     7.875    15.300    -0.100    -0.066     0.022       6
    11.821     7.875    25.500    -0.100    -0.066     0.022       6
    -0.909    14.175   -20.400     0.008    -0.119     0.022       7
    -0.909    14.175   -10.200     0.008    -0.119     0.022       7
    -0.909    14.175     0.000     0.008    -0.119     0.022       7
    -0.909    14.175    10.200     0.008    -0.119     0.022       7
    -0.909    14.175    20.400     0.008    -0.119     0.022       7
     0.909    14.175   -25.500    -0.008    -0.119     0.022       7
     0.909    14.175   -15.300    -0.008    -0.119     0.022       7
     0.909    14.175    -5.100    -0.008    -0.119     0.022       7
     0.909    14.175     5.100    -0.008    -0.119     0.022       7
     0.909    14.175    15.300    -0.008    -0.119     0.022       7
     0.909    14.175    25.500    -0.008    -0.119     0.022       7
    12.731    -6.300   -20.400    -0.107     0.053     0.022       7
    12.731    -6.300   -10.200    -0.107     0.053     0.022       7
    12.731    -6.300     0.000    -0.107     0.053     0.022       7
    12.731    -6.300    10.200    -0.107     0.053     0.022       7
    12.731    -6.300    20.400    -0.107     0.053     0.022       7
    10.003   -11.025   -20.400    -0.062     0.069     0.064      24
    10.003   -11.025   -10.200    -0.062     0.069     0.064      24
    10.003   -11.025     0.000    -0.062     0.069     0.064      24
    10.003   -11.025    10.200    -0.062     0.069     0.064      24
    10.003   -11.025    20.400    -0.062     0.069     0.064      24
     4.547    14.175   -20.400    -0.028    -0.088     0.064      24
     4.547    14.175   -10.200    -0.028    -0.088     0.064      24
     4.547    14.175     0.000    -0.028    -0.088     0.064      24
     4.547    14.175    10.200    -0.028    -0.088     0.064      24
     4.547    14.175    20.400    -0.028    -0.088     0.064      24
    10.003    11.025   -20.400    -0.062    -0.069     0.064      24
    10.003    11.025   -10.200    -0.062    -0.069     0.064      24
    10.003    11.025     0.000    -0.062    -0.069     0.064      24
    10.003    11.025    10.200    -0.062    -0.069     0.064      24
    10.003    11.025    20.400    -0.062    -0.069     0.064      24
    14.549     3.150   -25.500    -0.091    -0.020     0.064      24
    14.549     3.150   -15.300    -0.091    -0.020     0.064      24
    14.549     3.150    -5.100    -0.091    -0.020     0.064      24
    14.549     3.150     5.100    -0.091    -0.020     0.064      24
    14.549     3.150    15.300    -0.091    -0.020     0.064      24
    14.549     3.150    25.500    -0.091    -0.020     0.064      24
    14.549    -3.150   -25.500    -0.091     0.020     0.064      24
    14.549    -3.150   -15.300    -0.091     0.020     0.064      24
    14.549    -3.150    -5.100    -0.091     0.020     0.064      24
    14.549    -3.150     5.100    -0.091     0.020     0.064      24
    14.549    -3.150    15.300    -0.091     0.020     0.064      24
    14.549    -3.150    25.500    -0.091     0.020     0.064      24
    15.459    -1.575   -20.400    -0.056     0.006     0.088      40
    15.459    -1.575   -10.200    -0.056     0.006     0.088      40
    15.459    -1.575     0.000    -0.056     0.006     0.088      40
    15.459    -1.575    10.200    -0.056     0.006     0.088      40
    15.459    -1.575    20.400    -0.056     0.006     0.088      40
    15.459     1.575   -20.400    -0.056    -0.006     0.088      40
    15.459     1.575   -10.200    -0.056    -0.006     0.088      40
    15.459     1.575     0.000    -0.056    -0.006     0.088      40
    15.459     1.575    10.200    -0.056    -0.006     0.088      40
    15.459     1.575    20.400    -0.056    -0.006     0.088      40
     6.365    14.175   -25.500    -0.023    -0.052     0.088      40
     6.365    14.175   -15.300    -0.023    -0.052     0.088      40
     6.365    14.175    -5.100    -0.023    -0.052     0.088      40
     6.365    14.175     5.100    -0.023    -0.052     0.088      40
     6.365    14.175    15.300    -0.023    -0.052     0.088      40
     6.365    14.175    25.500    -0.023    -0.052     0.088      40
     9.093    12.600   -25.500    -0.033    -0.046     0.088      40
     9.093    12.600   -15.300    -0.033    -0.046     0.088      40
     9.093    12.600    -5.100    -0.033    -0.046     0.088      40
     9.093    12.600     5.100    -0.033    -0.046     0.088      40
     9.093    12.600    15.300    -0.033    -0.046     0.088      40
     9.093    12.600    25.500    -0.033    -0.046     0.088      40
     9.093   -12.600   -25.500    -0.033     0.046     0.088      40
     9.093   -12.600   -15.300    -0.033     0.046     0.088      40
     9.093   -12.600    -5.100    -0.033     0.046     0.088      40
     9.093   -12.600     5.100    -0.033     0.046     0.088      40
     9.093   -12.600    15.300    -0.033     0.046     0.088      40
     9.093   -12.600    25.500    -0.033     0.046     0.088      40
    11.821    11.025   -25.500    -0.014    -0.013     0.096      55
    11.821    11.025   -15.300    -0.014    -0.013     0.096      55
    11.821    11.025    -5.100    -0.014    -0.013     0.096      55
    11.821    11.025     5.100    -0.014    -0.013     0.096      55
    11.821    11.025    15.300    -0.014    -0.013     0.096      55
    11.821    11.025    25.500    -0.014    -0.013     0.096      55
    15.459     4.725   -20.400    -0.018    -0.005     0.096      55
    15.459     4.725   -10.200    -0.018    -0.005     0.096      55
    15.459     4.725     0.000    -0.018    -0.005     0.096      55
    15.459     4.725    10.200    -0.018    -0.005     0.096      55
    15.459     4.725    20.400    -0.018    -0.005     0.096      55
     3.637    15.750   -25.500    -0.004    -0.018     0.096      55
     3.637    15.750   -15.300    -0.004    -0.018     0.096      55
     3.637    15.750    -5.100    -0.004    -0.018     0.096      55
     3.637    15.750     5.100    -0.004    -0.018     0.096      55
     3.637    15.750    15.300    -0.004    -0.018     0.096      55
     3.637    15.750    25.500    -0.004    -0.018     0.096      55
    11.821   -11.025   -25.500    -0.014     0.013     0.096      55
    11.821   -11.025   -15.300    -0.014     0.013     0.096      55
    11.821   -11.025    -5.100    -0.014     0.013     0.096      55
    11.821   -11.025     5.100    -0.014     0.013     0.096      55
    11.821   -11.025    15.300    -0.014     0.013     0.096      55
    11.821   -11.025    25.500    -0.014     0.013     0.096      55
    15.459    -4.725   -20.400    -0.018     0.005     0.096      55
    15.459    -4.725   -10.200    -0.018     0.005     0.096      55
    15.459    -4.725     0.000    -0.018     0.005     0.096      55
    15.459    -4.725    10.200    -0.018     0.005     0.096      55
    15.459    -4.725    20.400    -0.018     0.005     0.096      55
    17.277     1.575   -25.500     0.043     0.004     0.076      84
    17.277     1.575   -15.300     0.043     0.004     0.076      84
    17.277     1.575    -5.100     0.043     0.004     0.076      84
    17.277     1.575     5.100     0.043     0.004     0.076      84
    17.277     1.575    15.300     0.043     0.004     0.076      84
    17.277     1.575    25.500     0.043     0.004     0.076      84
     7.275    15.750   -20.400     0.018     0.039     0.076      84
     7.275    15.750   -10.200     0.018     0.039     0.076      84
     7.275    15.750     0.000     0.018     0.039     0.076      84
     7.275    15.750    10.200     0.018     0.039     0.076      84
     7.275    15.750    20.400     0.018     0.039     0.076      84
    15.459    -7.875   -20.400     0.039    -0.020     0.076      84
    15.459    -7.875   -10.200     0.039    -0.020     0.076      84
    15.459    -7.875     0.000     0.039    -0.020     0.076      84
    15.459    -7.875    10.200     0.039    -0.020     0.076      84
    15.459    -7.875    20.400     0.039    -0.020     0.076      84
    15.459     7.875   -20.400     0.039     0.020     0.076      84
    15.459     7.875   -10.200     0.039     0.020     0.076      84
    15.459     7.875     0.000     0.039     0.020     0.076      84
    15.459     7.875    10.200     0.039     0.020     0.076      84
    15.459     7.875    20.400     0.039     0.020     0.076      84
    17.277    -1.575   -25.500     0.043    -0.004     0.076      84
    17.277    -1.575   -15.300     0.043    -0.004     0.076      84
    17.277    -1.575    -5.100     0.043    -0.004     0.076      84
    17.277    -1.575     5.100     0.043    -0.004     0.076      84
    17.277    -1.575    15.300     0.043    -0.004     0.076      84
    17.277    -1.575    25.500     0.043    -0.004     0.076      84
    10.003   -14.175   -20.400     0.025    -0.035     0.076      84
    10.003   -14.175   -10.200     0.025    -0.035     0.076      84
    10.003   -14.175     0.000     0.025    -0.035     0.076      84
    10.003   -14.175    10.200     0.025    -0.035     0.076      84
    10.003   -14.175    20.400     0.025    -0.035     0.076      84
    -0.909    17.325   -20.400    -0.002     0.043     0.076      84
    -0.909    17.325   -10.200    -0.002     0.043     0.076      84
    -0.909    17.325     0.000    -0.002     0.043     0.076      84
    -0.909    17.325    10.200    -0.002     0.043     0.076      84
    -0.909    17.325    20.400    -0.002     0.043     0.076      84
     0.909    17.325   -25.500     0.002     0.043     0.076      84
     0.909    17.325   -15.300     0.002     0.043     0.076      84
     0.909    17.325    -5.100     0.002     0.043     0.076      84
     0.909    17.325     5.100     0.002     0.043     0.076      84
     0.909    17.325    15.300     0.002     0.043     0.076      84
     0.909    17.325    25.500     0.002     0.043     0.076      84
    10.003    14.175   -20.400     0.025     0.035     0.076      84
    10.003    14.175   -10.200     0.025     0.035     0.076      84
    10.003    14.175     0.000     0.025     0.035     0.076      84
    10.003    14.175    10.200     0.025     0.035     0.076      84
    10.003    14.175    20.400     0.025     0.035     0.076      84
    14.549     9.450   -25.500     0.036     0.024     0.076      84
    14.549     9.450   -15.300     0.036     0.024     0.076      84
    14.549     9.450    -5.100     0.036     0.024     0.076      84
    14.549     9.450     5.100     0.036     0.024     0.076      84
    14.549     9.450    15.300     0.036     0.024     0.076      84
    14.549     9.450    25.500     0.036     0.024     0.076      84
    14.549    -9.450   -25.500     0.036    -0.024     0.076      84
    14.549    -9.450   -15.300     0.036    -0.024     0.076      84
    14.549    -9.450    -5.100     0.036    -0.024     0.076      84
    14.549    -9.450     5.100     0.036    -0.024     0.076      84
    14.549    -9.450    15.300     0.036    -0.024     0.076      84
    14.549    -9.450    25.500     0.036    -0.024     0.076      84
     4.547    17.325   -20.400     0.016     0.060     0.054      98
     4.547    17.325   -10.200     0.016     0.060     0.054      98
     4.547    17.325     0.000     0.016     0.060     0.054      98
     4.547    17.325    10.200     0.016     0.060     0.054      98
     4.547    17.325    20.400     0.016     0.060     0.054      98
    17.277     4.725   -25.500     0.060     0.016     0.054      98
    17.277     4.725   -15.300     0.060     0.016     0.054      98
    17.277     4.725    -5.100     0.060     0.016     0.054      98
    17.277     4.725     5.100     0.060     0.016     0.054      98
    17.277     4.725    15.300     0.060     0.016     0.054      98
    17.277     4.725    25.500     0.060     0.016     0.054      98
    17.277    -4.725   -25.500     0.060    -0.016     0.054      98
    17.277    -4.725   -15.300     0.060    -0.016     0.054      98
    17.277    -4.725    -5.100     0.060    -0.016     0.054      98
    17.277    -4.725     5.100     0.060    -0.016     0.054      98
    17.277    -4.725    15.300     0.060    -0.016     0.054      98
    17.277    -4.725    25.500     0.060    -0.016     0.054      98
    12.731    12.600   -20.400     0.044     0.044     0.054      98
    12.731    12.600   -10.200     0.044     0.044     0.054      98
    12.731    12.600     0.000     0.044     0.044     0.054      98
    12.731    12.600    10.200     0.044     0.044     0.054      98
    12.731    12.600    20.400     0.044     0.044     0.054      98
    12.731   -12.600   -20.400     0.044    -0.044     0.054      98
    12.731   -12.600   -10.200     0.044    -0.044     0.054      98
    12.731   -12.600     0.000     0.044    -0.044     0.054      98
    12.731   -12.600    10.200     0.044    -0.044     0.054      98
    12.731   -12.600    20.400     0.044    -0.044     0.054      98
    18.187     3.150   -20.400     0.071     0.012     0.030     111
    18.187     3.150   -10.200     0.071     0.012     0.030     111
    18.187     3.150     0.000     0.071     0.012     0.030     111
    18.187     3.150    10.200     0.071     0.012     0.030     111
    18.187     3.150    20.400     0.071     0.012     0.030     111
     6.365    17.325   -25.500     0.025     0.068     0.030     111
     6.365    17.325   -15.300     0.025     0.068     0.030     111
     6.365    17.325    -5.100     0.025     0.068     0.030     111
     6.365    17.325     5.100     0.025     0.068     0.030     111
     6.365    17.325    15.300     0.025     0.068     0.030     111
     6.365    17.325    25.500     0.025     0.068     0.030     111
    18.187    -3.150   -20.400     0.071    -0.012     0.030     111
    18.187    -3.150   -10.200     0.071    -0.012     0.030     111
    18.187    -3.150     0.000     0.071    -0.012     0.030     111
    18.187    -3.150    10.200     0.071    -0.012     0.030     111
    18.187    -3.150    20.400     0.071    -0.012     0.030     111
    11.821   -14.175   -25.500     0.046    -0.055     0.030     111
    11.821   -14.175   -15.300     0.046    -0.055     0.030     111
    11.821   -14.175    -5.100     0.046    -0.055     0.030     111
    11.821   -14.175     5.100     0.046    -0.055     0.030     111
    11.821   -14.175    15.300     0.046    -0.055     0.030     111
    11.821   -14.175    25.500     0.046    -0.055     0.030     111
    11.821    14.175   -25.500     0.046     0.055     0.030     111
    11.821    14.175   -15.300     0.046     0.055     0.030     111
    11.821    14.175    -5.100     0.046     0.055     0.030     111
    11.821    14.175     5.100     0.046     0.055     0.030     111
    11.821    14.175    15.300     0.046     0.055     0.030     111
    11.821    14.175    25.500     0.046     0.055     0.030     111
    17.277    -7.875   -25.500     0.067    -0.031     0.006     123
    17.277    -7.875   -15.300     0.067    -0.031     0.006     123
    17.277    -7.875    -5.100     0.067    -0.031     0.006     123
    17.277    -7.875     5.100     0.067    -0.031     0.006     123
    17.277    -7.875    15.300     0.067    -0.031     0.006     123
    17.277    -7.875    25.500     0.067    -0.031     0.006     123
    15.459   -11.025   -20.400     0.060    -0.043     0.006     123
    15.459   -11.025   -10.200     0.060    -0.043     0.006     123
    15.459   -11.025     0.000     0.060    -0.043     0.006     123
    15.459   -11.025    10.200     0.060    -0.043     0.006     123
    15.459   -11.025    20.400     0.060    -0.043     0.006     123
    -1.819    18.900   -25.500    -0.007     0.074     0.006     123
    -1.819    18.900   -15.300    -0.007     0.074     0.006     123
    -1.819    18.900    -5.100    -0.007     0.074     0.006     123
    -1.819    18.900     5.100    -0.007     0.074     0.006     123
    -1.819    18.900    15.300    -0.007     0.074     0.006     123
    -1.819    18.900    25.500    -0.007     0.074     0.006     123
     1.819    18.900   -20.400     0.007     0.074     0.006     123
     1.819    18.900   -10.200     0.007     0.074     0.006     123
     1.819    18.900     0.000     0.007     0.074     0.006     123
     1.819    18.900    10.200     0.007     0.074     0.006     123
     1.819    18.900    20.400     0.007     0.074     0.006     123
    15.459    11.025   -20.400     0.060     0.043     0.006     123
    15.459    11.025   -10.200     0.060     0.043     0.006     123
    15.459    11.025     0.000     0.060     0.043     0.006     123
    15.459    11.025    10.200     0.060     0.043     0.006     123
    15.459    11.025    20.400     0.060     0.043     0.006     123
    17.277     7.875   -25.500     0.067     0.031     0.006     123
    17.277     7.875   -15.300     0.067     0.031     0.006     123
    17.277     7.875    -5.100     0.067     0.031     0.006     123
    17.277     7.875     5.100     0.067     0.031     0.006     123
    17.277     7.875    15.300     0.067     0.031     0.006     123
    17.277     7.875    25.500     0.067     0.031     0.006     123
    20.005    -0.000   -25.500     0.059    -0.000    -0.033     147
    20.005    -0.000   -15.300     0.059    -0.000    -0.033     147
    20.005    -0.000    -5.100     0.059    -0.000    -0.033     147
    20.005    -0.000     5.100     0.059    -0.000    -0.033     147
    20.005    -0.000    15.300     0.059    -0.000    -0.033     147
    20.005    -0.000    25.500     0.059    -0.000    -0.033     147
    10.003    17.325   -20.400     0.029     0.051    -0.033     147
    10.003    17.325   -10.200     0.029     0.051    -0.033     147
    10.003    17.325     0.000     0.029     0.051    -0.033     147
    10.003    17.325    10.200     0.029     0.051    -0.033     147
    10.003    17.325    20.400     0.029     0.051    -0.033     147
    10.003   -17.325   -20.400     0.029    -0.051    -0.033     147
    10.003   -17.325   -10.200     0.029    -0.051    -0.033     147
    10.003   -17.325     0.000     0.029    -0.051    -0.033     147
    10.003   -17.325    10.200     0.029    -0.051    -0.033     147
    10.003   -17.325    20.400     0.029    -0.051    -0.033     147
    17.277   -11.025   -25.500     0.038    -0.024    -0.046     159
    17.277   -11.025   -15.300     0.038    -0.024    -0.046     159
    17.277   -11.025    -5.100     0.038    -0.024    -0.046     159
    17.277   -11.025     5.100     0.038    -0.024    -0.046     159
    17.277   -11.025    15.300     0.038    -0.024    -0.046     159
    17.277   -11.025    25.500     0.038    -0.024    -0.046     159
    18.187     9.450   -20.400     0.040     0.021    -0.046     159
    18.187     9.450   -10.200     0.040     0.021    -0.046     159
    18.187     9.450     0.000     0.040     0.021    -0.046     159
    18.187     9.450    10.200     0.040     0.021    -0.046     159
    18.187     9.450    20.400     0.040     0.021    -0.046     159
    17.277    11.025   -25.500     0.038     0.024    -0.046     159
    17.277    11.025   -15.300     0.038     0.024    -0.046     159
    17.277    11.025    -5.100     0.038     0.024    -0.046     159
    17.277    11.025     5.100     0.038     0.024    -0.046     159
    17.277    11.025    15.300     0.038     0.024    -0.046     159
    17.277    11.025    25.500     0.038     0.024    -0.046     159
    18.187    -9.450   -20.400     0.040    -0.021    -0.046     159
    18.187    -9.450   -10.200     0.040    -0.021    -0.046     159
    18.187    -9.450     0.000     0.040    -0.021    -0.046     159
    18.187    -9.450    10.200     0.040    -0.021    -0.046     159
    18.187    -9.450    20.400     0.040    -0.021    -0.046     159
     0.909    20.475   -25.500     0.002     0.045    -0.046     159
     0.909    20.475   -15.300     0.002     0.045    -0.046     159
     0.909    20.475    -5.100     0.002     0.045    -0.046     159
     0.909    20.475     5.100     0.002     0.045    -0.046     159
     0.909    20.475    15.300     0.002     0.045    -0.046     159
     0.909    20.475    25.500     0.002     0.045    -0.046     159
    -0.909    20.475   -20.400    -0.002     0.045    -0.046     159
    -0.909    20.475   -10.200    -0.002     0.045    -0.046     159
    -0.909    20.475     0.000    -0.002     0.045    -0.046     159
    -0.909    20.475    10.200    -0.002     0.045    -0.046     159
    -0.909    20.475    20.400    -0.002     0.045    -0.046     159
    15.459    14.175   -20.400     0.022     0.020    -0.054     170
    15.459    14.175   -10.200     0.022     0.020    -0.054     170
    15.459    14.175     0.000     0.022     0.020    -0.054     170
    15.459    14.175    10.200     0.022     0.020    -0.054     170
    15.459    14.175    20.400     0.022     0.020    -0.054     170
    20.005     6.300   -25.500     0.029     0.009    -0.054     170
    20.005     6.300   -15.300     0.029     0.009    -0.054     170
    20.005     6.300    -5.100     0.029     0.009    -0.054     170
    20.005     6.300     5.100     0.029     0.009    -0.054     170
    20.005     6.300    15.300     0.029     0.009    -0.054     170
    20.005     6.300    25.500     0.029     0.009    -0.054     170
    20.915     1.575   -20.400     0.030     0.002    -0.054     170
    20.915     1.575   -10.200     0.030     0.002    -0.054     170
    20.915     1.575     0.000     0.030     0.002    -0.054     170
    20.915     1.575    10.200     0.030     0.002    -0.054     170
    20.915     1.575    20.400     0.030     0.002    -0.054     170
    15.459   -14.175   -20.400     0.022    -0.020    -0.054     170
    15.459   -14.175   -10.200     0.022    -0.020    -0.054     170
    15.459   -14.175     0.000     0.022    -0.020    -0.054     170
    15.459   -14.175    10.200     0.022    -0.020    -0.054     170
    15.459   -14.175    20.400     0.022    -0.020    -0.054     170
     4.547    20.475   -20.400     0.006     0.029    -0.054     170
     4.547    20.475   -10.200     0.006     0.029    -0.054     170
     4.547    20.475     0.000     0.006     0.029    -0.054     170
     4.547    20.475    10.200     0.006     0.029    -0.054     170
     4.547    20.475    20.400     0.006     0.029    -0.054     170
    11.821    17.325   -25.500     0.017     0.025    -0.054     170
    11.821    17.325   -15.300     0.017     0.025    -0.054     170
    11.821    17.325    -5.100     0.017     0.025    -0.054     170
    11.821    17.325     5.100     0.017     0.025    -0.054     170
    11.821    17.325    15.300     0.017     0.025    -0.054     170
    11.821    17.325    25.500     0.017     0.025    -0.054     170
    20.005    -6.300   -25.500     0.029    -0.009    -0.054     170
    20.005    -6.300   -15.300     0.029    -0.009    -0.054     170
    20.005    -6.300    -5.100     0.029    -0.009    -0.054     170
    20.005    -6.300     5.100     0.029    -0.009    -0.054     170
    20.005    -6.300    15.300     0.029    -0.009    -0.054     170
    20.005    -6.300    25.500     0.029    -0.009    -0.054     170
    11.821   -17.325   -25.500     0.017    -0.025    -0.054     170
    11.821   -17.325   -15.300     0.017    -0.025    -0.054     170
    11.821   -17.325    -5.100     0.017    -0.025    -0.054     170
    11.821   -17.325     5.100     0.017    -0.025    -0.054     170
    11.821   -17.325    15.300     0.017    -0.025    -0.054     170
    11.821   -17.325    25.500     0.017    -0.025    -0.054     170
    20.915    -1.575   -20.400     0.030    -0.002    -0.054     170
    20.915    -1.575   -10.200     0.030    -0.002    -0.054     170
    20.915    -1.575     0.000     0.030    -0.002    -0.054     170
    20.915    -1.575    10.200     0.030    -0.002    -0.054     170
    20.915    -1.575    20.400     0.030    -0.002    -0.054     170
     9.093    18.900   -25.500     0.013     0.027    -0.054     170
     9.093    18.900   -15.300     0.013     0.027    -0.054     170
     9.093    18.900    -5.100     0.013     0.027    -0.054     170
     9.093    18.900     5.100     0.013     0.027    -0.054     170
     9.093    18.900    15.300     0.013     0.027    -0.054     170
     9.093    18.900    25.500     0.013     0.027    -0.054     170
    14.549    15.750   -25.500     0.009     0.010    -0.058     181
    14.549    15.750   -15.300     0.009     0.010    -0.058     181
    14.549    15.750    -5.100     0.009     0.010    -0.058     181
    14.549    15.750     5.100     0.009     0.010    -0.058     181
    14.549    15.750    15.300     0.009     0.010    -0.058     181
    14.549    15.750    25.500     0.009     0.010    -0.058     181
    20.915    -4.725   -20.400     0.014    -0.003    -0.058     181
    20.915    -4.725   -10.200     0.014    -0.003    -0.058     181
    20.915    -4.725     0.000     0.014    -0.003    -0.058     181
    20.915    -4.725    10.200     0.014    -0.003    -0.058     181
    20.915    -4.725    20.400     0.014    -0.003    -0.058     181
     6.365    20.475   -25.500     0.004     0.013    -0.058     181
     6.365    20.475   -15.300     0.004     0.013    -0.058     181
     6.365    20.475    -5.100     0.004     0.013    -0.058     181
     6.365    20.475     5.100     0.004     0.013    -0.058     181
     6.365    20.475    15.300     0.004     0.013    -0.058     181
     6.365    20.475    25.500     0.004     0.013    -0.058     181
    20.915     4.725   -20.400     0.014     0.003    -0.058     181
    20.915     4.725   -10.200     0.014     0.003    -0.058     181
    20.915     4.725     0.000     0.014     0.003    -0.058     181
    20.915     4.725    10.200     0.014     0.003    -0.058     181
    20.915     4.725    20.400     0.014     0.003    -0.058     181
    14.549   -15.750   -25.500     0.009    -0.010    -0.058     181
    14.549   -15.750   -15.300     0.009    -0.010    -0.058     181
    14.549   -15.750    -5.100     0.009    -0.010    -0.058     181
    14.549   -15.750     5.100     0.009    -0.010    -0.058     181
    14.549   -15.750    15.300     0.009    -0.010    -0.058     181
    14.549   -15.750    25.500     0.009    -0.010    -0.058     181
    17.277   -14.175   -25.500    -0.012     0.009    -0.053     202
    17.277   -14.175   -15.300    -0.012     0.009    -0.053     202
    17.277   -14.175    -5.100    -0.012     0.009    -0.053     202
    17.277   -14.175     5.100    -0.012     0.009    -0.053     202
    17.277   -14.175    15.300    -0.012     0.009    -0.053     202
    17.277   -14.175    25.500    -0.012     0.009    -0.053     202
    17.277    14.175   -25.500    -0.012    -0.009    -0.053     202
    17.277    14.175   -15.300    -0.012    -0.009    -0.053     202
    17.277    14.175    -5.100    -0.012    -0.009    -0.053     202
    17.277    14.175     5.100    -0.012    -0.009    -0.053     202
    17.277    14.175    15.300    -0.012    -0.009    -0.053     202
    17.277    14.175    25.500    -0.012    -0.009    -0.053     202
    20.915     7.875   -20.400    -0.014    -0.005    -0.053     202
    20.915     7.875   -10.200    -0.014    -0.005    -0.053     202
    20.915     7.875     0.000    -0.014    -0.005    -0.053     202
    20.915     7.875    10.200    -0.014    -0.005    -0.053     202
    20.915     7.875    20.400    -0.014    -0.005    -0.053     202
    20.915    -7.875   -20.400    -0.014     0.005    -0.053     202
    20.915    -7.875   -10.200    -0.014     0.005    -0.053     202
    20.915    -7.875     0.000    -0.014     0.005    -0.053     202
    20.915    -7.875    10.200    -0.014     0.005    -0.053     202
    20.915    -7.875    20.400    -0.014     0.005    -0.053     202
     3.637    22.050   -25.500    -0.002    -0.015    -0.053     202
     3.637    22.050   -15.300    -0.002    -0.015    -0.053     202
     3.637    22.050    -5.100    -0.002    -0.015    -0.053     202
     3.637    22.050     5.100    -0.002    -0.015    -0.053     202
     3.637    22.050    15.300    -0.002    -0.015    -0.053     202
     3.637    22.050    25.500    -0.002    -0.015    -0.053     202
    22.733     1.575   -25.500    -0.026    -0.002    -0.046     212
    22.733     1.575   -15.300    -0.026    -0.002    -0.046     212
    22.733     1.575    -5.100    -0.026    -0.002    -0.046     212
    22.733     1.575     5.100    -0.026    -0.002    -0.046     212
    22.733     1.575    15.300    -0.026    -0.002    -0.046     212
    22.733     1.575    25.500    -0.026    -0.002    -0.046     212
    12.731   -18.900   -20.400    -0.015     0.022    -0.046     212
    12.731   -18.900   -10.200    -0.015     0.022    -0.046     212
    12.731   -18.900     0.000    -0.015     0.022    -0.046     212
    12.731   -18.900    10.200    -0.015     0.022    -0.046     212
    12.731   -18.900    20.400    -0.015     0.022    -0.046     212
    10.003    20.475   -20.400    -0.012    -0.024    -0.046     212
    10.003    20.475   -10.200    -0.012    -0.024    -0.046     212
    10.003    20.475     0.000    -0.012    -0.024    -0.046     212
    10.003    20.475    10.200    -0.012    -0.024    -0.046     212
    10.003    20.475    20.400    -0.012    -0.024    -0.046     212
    12.731    18.900   -20.400    -0.015    -0.022    -0.046     212
    12.731    18.900   -10.200    -0.015    -0.022    -0.046     212
    12.731    18.900     0.000    -0.015    -0.022    -0.046     212
    12.731    18.900    10.200    -0.015    -0.022    -0.046     212
    12.731    18.900    20.400    -0.015    -0.022    -0.046     212
    22.733    -1.575   -25.500    -0.026     0.002    -0.046     212
    22.733    -1.575   -15.300    -0.026     0.002    -0.046     212
    22.733    -1.575    -5.100    -0.026     0.002    -0.046     212
    22.733    -1.575     5.100    -0.026     0.002    -0.046     212
    22.733    -1.575    15.300    -0.026     0.002    -0.046     212
    22.733    -1.575    25.500    -0.026     0.002    -0.046     212
    22.733    -4.725   -25.500    -0.034     0.007    -0.036     222
    22.733    -4.725   -15.300    -0.034     0.007    -0.036     222
    22.733    -4.725    -5.100    -0.034     0.007    -0.036     222
    22.733    -4.725     5.100    -0.034     0.007    -0.036     222
    22.733    -4.725    15.300    -0.034     0.007    -0.036     222
    22.733    -4.725    25.500    -0.034     0.007    -0.036     222
    15.459   -17.325   -20.400    -0.023     0.026    -0.036     222
    15.459   -17.325   -10.200    -0.023     0.026    -0.036     222
    15.459   -17.325     0.000    -0.023     0.026    -0.036     222
    15.459   -17.325    10.200    -0.023     0.026    -0.036     222
    15.459   -17.325    20.400    -0.023     0.026    -0.036     222
     7.275    22.050   -20.400    -0.011    -0.034    -0.036     222
     7.275    22.050   -10.200    -0.011    -0.034    -0.036     222
     7.275    22.050     0.000    -0.011    -0.034    -0.036     222
     7.275    22.050    10.200    -0.011    -0.034    -0.036     222
     7.275    22.050    20.400    -0.011    -0.034    -0.036     222
    22.733     4.725   -25.500    -0.034    -0.007    -0.036     222
    22.733     4.725   -15.300    -0.034    -0.007    -0.036     222
    22.733     4.725    -5.100    -0.034    -0.007    -0.036     222
    22.733     4.725     5.100    -0.034    -0.007    -0.036     222
    22.733     4.725    15.300    -0.034    -0.007    -0.036     222
    22.733     4.725    25.500    -0.034    -0.007    -0.036     222
    15.459    17.325   -20.400    -0.023    -0.026    -0.036     222
    15.459    17.325   -10.200    -0.023    -0.026    -0.036     222
    15.459    17.325     0.000    -0.023    -0.026    -0.036     222
    15.459    17.325    10.200    -0.023    -0.026    -0.036     222
    15.459    17.325    20.400    -0.023    -0.026    -0.036     222
    20.915   -11.025   -20.400    -0.037     0.019    -0.026     231
    20.915   -11.025   -10.200    -0.037     0.019    -0.026     231
    20.915   -11.025     0.000    -0.037     0.019    -0.026     231
    20.915   -11.025    10.200    -0.037     0.019    -0.026     231
    20.915   -11.025    20.400    -0.037     0.019    -0.026     231
    23.642     0.000   -20.400    -0.041    -0.000    -0.026     231
    23.642     0.000   -10.200    -0.041    -0.000    -0.026     231
    23.642     0.000     0.000    -0.041    -0.000    -0.026     231
    23.642     0.000    10.200    -0.041    -0.000    -0.026     231
    23.642     0.000    20.400    -0.041    -0.000    -0.026     231
    -0.909    23.625   -20.400     0.002    -0.041    -0.026     231
    -0.909    23.625   -10.200     0.002    -0.041    -0.026     231
    -0.909    23.625     0.000     0.002    -0.041    -0.026     231
    -0.909    23.625    10.200     0.002    -0.041    -0.026     231
    -0.909    23.625    20.400     0.002    -0.041    -0.026     231
    20.005    12.600   -25.500    -0.035    -0.022    -0.026     231
    20.005    12.600   -15.300    -0.035    -0.022    -0.026     231
    20.005    12.600    -5.100    -0.035    -0.022    -0.026     231
    20.005    12.600     5.100    -0.035    -0.022    -0.026     231
    20.005    12.600    15.300    -0.035    -0.022    -0.026     231
    20.005    12.600    25.500    -0.035    -0.022    -0.026     231
    11.821    20.475   -25.500    -0.021    -0.036    -0.026     231
    11.821    20.475   -15.300    -0.021    -0.036    -0.026     231
    11.821    20.475    -5.100    -0.021    -0.036    -0.026     231
    11.821    20.475     5.100    -0.021    -0.036    -0.026     231
    11.821    20.475    15.300    -0.021    -0.036    -0.026     231
    11.821    20.475    25.500    -0.021    -0.036    -0.026     231
    20.915    11.025   -20.400    -0.037    -0.019    -0.026     231
    20.915    11.025   -10.200    -0.037    -0.019    -0.026     231
    20.915    11.025     0.000    -0.037    -0.019    -0.026     231
    20.915    11.025    10.200    -0.037    -0.019    -0.026     231
    20.915    11.025    20.400    -0.037    -0.019    -0.026     231
     0.909    23.625   -25.500    -0.002    -0.041    -0.026     231
     0.909    23.625   -15.300    -0.002    -0.041    -0.026     231
     0.909    23.625    -5.100    -0.002    -0.041    -0.026     231
     0.909    23.625     5.100    -0.002    -0.041    -0.026     231
     0.909    23.625    15.300    -0.002    -0.041    -0.026     231
     0.909    23.625    25.500    -0.002    -0.041    -0.026     231
    20.005   -12.600   -25.500    -0.035     0.022    -0.026     231
    20.005   -12.600   -15.300    -0.035     0.022    -0.026     231
    20.005   -12.600    -5.100    -0.035     0.022    -0.026     231
    20.005   -12.600     5.100    -0.035     0.022    -0.026     231
    20.005   -12.600    15.300    -0.035     0.022    -0.026     231
    20.005   -12.600    25.500    -0.035     0.022    -0.026     231
    11.821   -20.475   -25.500    -0.021     0.036    -0.026     231
    11.821   -20.475   -15.300    -0.021     0.036    -0.026     231
    11.821   -20.475    -5.100    -0.021     0.036    -0.026     231
    11.821   -20.475     5.100    -0.021     0.036    -0.026     231
    11.821   -20.475    15.300    -0.021     0.036    -0.026     231
    11.821   -20.475    25.500    -0.021     0.036    -0.026     231
    18.187    15.750   -20.400    -0.034    -0.029    -0.016     241
    18.187    15.750   -10.200    -0.034    -0.029    -0.016     241
    18.187    15.750     0.000    -0.034    -0.029    -0.016     241
    18.187    15.750    10.200    -0.034    -0.029    -0.016     241
    18.187    15.750    20.400    -0.034    -0.029    -0.016     241
    22.733    -7.875   -25.500    -0.042     0.015    -0.016     241
    22.733    -7.875   -15.300    -0.042     0.015    -0.016     241
    22.733    -7.875    -5.100    -0.042     0.015    -0.016     241
    22.733    -7.875     5.100    -0.042     0.015    -0.016     241
    22.733    -7.875    15.300    -0.042     0.015    -0.016     241
    22.733    -7.875    25.500    -0.042     0.015    -0.016     241
    22.733     7.875   -25.500    -0.042    -0.015    -0.016     241
    22.733     7.875   -15.300    -0.042    -0.015    -0.016     241
    22.733     7.875    -5.100    -0.042    -0.015    -0.016     241
    22.733     7.875     5.100    -0.042    -0.015    -0.016     241
    22.733     7.875    15.300    -0.042    -0.015    -0.016     241
    22.733     7.875    25.500    -0.042    -0.015    -0.016     241
     4.547    23.625   -20.400    -0.008    -0.044    -0.016     241
     4.547    23.625   -10.200    -0.008    -0.044    -0.016     241
     4.547    23.625     0.000    -0.008    -0.044    -0.016     241
     4.547    23.625    10.200    -0.008    -0.044    -0.016     241
     4.547    23.625    20.400    -0.008    -0.044    -0.016     241
    18.187   -15.750   -20.400    -0.034     0.029    -0.016     241
    18.187   -15.750   -10.200    -0.034     0.029    -0.016     241
    18.187   -15.750     0.000    -0.034     0.029    -0.016     241
    18.187   -15.750    10.200    -0.034     0.029    -0.016     241
    18.187   -15.750    20.400    -0.034     0.029    -0.016     241
     6.365    23.625   -25.500    -0.012    -0.044    -0.005     250
     6.365    23.625   -15.300    -0.012    -0.044    -0.005     250
     6.365    23.625    -5.100    -0.012    -0.044    -0.005     250
     6.365    23.625     5.100    -0.012    -0.044    -0.005     250
     6.365    23.625    15.300    -0.012    -0.044    -0.005     250
     6.365    23.625    25.500    -0.012    -0.044    -0.005     250
    23.642    -6.300   -20.400    -0.044     0.012    -0.005     250
    23.642    -6.300   -10.200    -0.044     0.012    -0.005     250
    23.642    -6.300     0.000    -0.044     0.012    -0.005     250
    23.642    -6.300    10.200    -0.044     0.012    -0.005     250
    23.642    -6.300    20.400    -0.044     0.012    -0.005     250
    17.277    17.325   -25.500    -0.032    -0.032    -0.005     250
    17.277    17.325   -15.300    -0.032    -0.032    -0.005     250
    17.277    17.325    -5.100    -0.032    -0.032    -0.005     250
    17.277    17.325     5.100    -0.032    -0.032    -0.005     250
    17.277    17.325    15.300    -0.032    -0.032    -0.005     250
    17.277    17.325    25.500    -0.032    -0.032    -0.005     250
    23.642     6.300   -20.400    -0.044    -0.012    -0.005     250
    23.642     6.300   -10.200    -0.044    -0.012    -0.005     250
    23.642     6.300     0.000    -0.044    -0.012    -0.005     250
    23.642     6.300    10.200    -0.044    -0.012    -0.005     250
    23.642     6.300    20.400    -0.044    -0.012    -0.005     250
    17.277   -17.325   -25.500    -0.032     0.032    -0.005     250
    17.277   -17.325   -15.300    -0.032     0.032    -0.005     250
    17.277   -17.325    -5.100    -0.032     0.032    -0.005     250
    17.277   -17.325     5.100    -0.032     0.032    -0.005     250
    17.277   -17.325    15.300    -0.032     0.032    -0.005     250
    17.277   -17.325    25.500    -0.032     0.032    -0.005     250
    22.733   -11.025   -25.500    -0.036     0.018     0.014      13
    22.733   -11.025   -15.300    -0.036     0.018     0.014      13
    22.733   -11.025    -5.100    -0.036     0.018     0.014      13
    22.733   -11.025     5.100    -0.036     0.018     0.014      13
    22.733   -11.025    15.300    -0.036     0.018     0.014      13
    22.733   -11.025    25.500    -0.036     0.018     0.014      13
    20.915   -14.175   -20.400    -0.033     0.023     0.014      13
    20.915   -14.175   -10.200    -0.033     0.023     0.014      13
    20.915   -14.175     0.000    -0.033     0.023     0.014      13
    20.915   -14.175    10.200    -0.033     0.023     0.014      13
    20.915   -14.175    20.400    -0.033     0.023     0.014      13
     1.819    25.200   -20.400    -0.003    -0.040     0.014      13
     1.819    25.200   -10.200    -0.003    -0.040     0.014      13
     1.819    25.200     0.000    -0.003    -0.040     0.014      13
     1.819    25.200    10.200    -0.003    -0.040     0.014      13
     1.819    25.200    20.400    -0.003    -0.040     0.014      13
    -1.819    25.200   -25.500     0.003    -0.040     0.014      13
    -1.819    25.200   -15.300     0.003    -0.040     0.014      13
    -1.819    25.200    -5.100     0.003    -0.040     0.014      13
    -1.819    25.200     5.100     0.003    -0.040     0.014      13
    -1.819    25.200    15.300     0.003    -0.040     0.014      13
    -1.819    25.200    25.500     0.003    -0.040     0.014      13
    20.915    14.175   -20.400    -0.033    -0.023     0.014      13
    20.915    14.175   -10.200    -0.033    -0.023     0.014      13
    20.915    14.175     0.000    -0.033    -0.023     0.014      13
    20.915    14.175    10.200    -0.033    -0.023     0.014      13
    20.915    14.175    20.400    -0.033    -0.023     0.014      13
    22.733    11.025   -25.500    -0.036    -0.018     0.014      13
    22.733    11.025   -15.300    -0.036    -0.018     0.014      13
    22.733    11.025    -5.100    -0.036    -0.018     0.014      13
    22.733    11.025     5.100    -0.036    -0.018     0.014      13
    22.733    11.025    15.300    -0.036    -0.018     0.014      13
    22.733    11.025    25.500    -0.036    -0.018     0.014      13
    15.459    20.475   -20.400    -0.021    -0.028     0.022      21
    15.459    20.475   -10.200    -0.021    -0.028     0.022      21
    15.459    20.475     0.000    -0.021    -0.028     0.022      21
    15.459    20.475    10.200    -0.021    -0.028     0.022      21
    15.459    20.475    20.400    -0.021    -0.028     0.022      21
    10.003    23.625   -20.400    -0.014    -0.033     0.022      21
    10.003    23.625   -10.200    -0.014    -0.033     0.022      21
    10.003    23.625     0.000    -0.014    -0.033     0.022      21
    10.003    23.625    10.200    -0.014    -0.033     0.022      21
    10.003    23.625    20.400    -0.014    -0.033     0.022      21
    25.461     3.150   -25.500    -0.035    -0.004     0.022      21
    25.461     3.150   -15.300    -0.035    -0.004     0.022      21
    25.461     3.150    -5.100    -0.035    -0.004     0.022      21
    25.461     3.150     5.100    -0.035    -0.004     0.022      21
    25.461     3.150    15.300    -0.035    -0.004     0.022      21
    25.461     3.150    25.500    -0.035    -0.004     0.022      21
    25.461    -3.150   -25.500    -0.035     0.004     0.022      21
    25.461    -3.150   -15.300    -0.035     0.004     0.022      21
    25.461    -3.150    -5.100    -0.035     0.004     0.022      21
    25.461    -3.150     5.100    -0.035     0.004     0.022      21
    25.461    -3.150    15.300    -0.035     0.004     0.022      21
    25.461    -3.150    25.500    -0.035     0.004     0.022      21
    15.459   -20.475   -20.400    -0.021     0.028     0.022      21
    15.459   -20.475   -10.200    -0.021     0.028     0.022      21
    15.459   -20.475     0.000    -0.021     0.028     0.022      21
    15.459   -20.475    10.200    -0.021     0.028     0.022      21
    15.459   -20.475    20.400    -0.021     0.028     0.022      21
    26.370     1.575   -20.400    -0.022    -0.001     0.032      38
    26.370     1.575   -10.200    -0.022    -0.001     0.032      38
    26.370     1.575     0.000    -0.022    -0.001     0.032      38
    26.370     1.575    10.200    -0.022    -0.001     0.032      38
    26.370     1.575    20.400    -0.022    -0.001     0.032      38
    26.370    -1.575   -20.400    -0.022     0.001     0.032      38
    26.370    -1.575   -10.200    -0.022     0.001     0.032      38
    26.370    -1.575     0.000    -0.022     0.001     0.032      38
    26.370    -1.575    10.200    -0.022     0.001     0.032      38
    26.370    -1.575    20.400    -0.022     0.001     0.032      38
    14.549    22.050   -25.500    -0.012    -0.018     0.032      38
    14.549    22.050   -15.300    -0.012    -0.018     0.032      38
    14.549    22.050    -5.100    -0.012    -0.018     0.032      38
    14.549    22.050     5.100    -0.012    -0.018     0.032      38
    14.549    22.050    15.300    -0.012    -0.018     0.032      38
    14.549    22.050    25.500    -0.012    -0.018     0.032      38
    11.821    23.625   -25.500    -0.010    -0.020     0.032      38
    11.821    23.625   -15.300    -0.010    -0.020     0.032      38
    11.821    23.625    -5.100    -0.010    -0.020     0.032      38
    11.821    23.625     5.100    -0.010    -0.020     0.032      38
    11.821    23.625    15.300    -0.010    -0.020     0.032      38
    11.821    23.625    25.500    -0.010    -0.020     0.032      38
    14.549   -22.050   -25.500    -0.012     0.018     0.032      38
    14.549   -22.050   -15.300    -0.012     0.018     0.032      38
    14.549   -22.050    -5.100    -0.012     0.018     0.032      38
    14.549   -22.050     5.100    -0.012     0.018     0.032      38
    14.549   -22.050    15.300    -0.012     0.018     0.032      38
    14.549   -22.050    25.500    -0.012     0.018     0.032      38
    -0.909    26.775   -20.400     0.000    -0.015     0.035      47
    -0.909    26.775   -10.200     0.000    -0.015     0.035      47
    -0.909    26.775     0.000     0.000    -0.015     0.035      47
    -0.909    26.775    10.200     0.000    -0.015     0.035      47
    -0.909    26.775    20.400     0.000    -0.015     0.035      47
    22.733   -14.175   -25.500    -0.013     0.008     0.035      47
    22.733   -14.175   -15.300    -0.013     0.008     0.035      47
    22.733   -14.175    -5.100    -0.013     0.008     0.035      47
    22.733   -14.175     5.100    -0.013     0.008     0.035      47
    22.733   -14.175    15.300    -0.013     0.008     0.035      47
    22.733   -14.175    25.500    -0.013     0.008     0.035      47
     9.093    25.200   -25.500    -0.005    -0.014     0.035      47
     9.093    25.200   -15.300    -0.005    -0.014     0.035      47
     9.093    25.200    -5.100    -0.005    -0.014     0.035      47
     9.093    25.200     5.100    -0.005    -0.014     0.035      47
     9.093    25.200    15.300    -0.005    -0.014     0.035      47
     9.093    25.200    25.500    -0.005    -0.014     0.035      47
    17.277   -20.475   -25.500    -0.010     0.011     0.035      47
    17.277   -20.475   -15.300    -0.010     0.011     0.035      47
    17.277   -20.475    -5.100    -0.010     0.011     0.035      47
    17.277   -20.475     5.100    -0.010     0.011     0.035      47
    17.277   -20.475    15.300    -0.010     0.011     0.035      47
    17.277   -20.475    25.500    -0.010     0.011     0.035      47
    23.642    12.600   -20.400    -0.013    -0.007     0.035      47
    23.642    12.600   -10.200    -0.013    -0.007     0.035      47
    23.642    12.600     0.000    -0.013    -0.007     0.035      47
    23.642    12.600    10.200    -0.013    -0.007     0.035      47
    23.642    12.600    20.400    -0.013    -0.007     0.035      47
    17.277    20.475   -25.500    -0.010    -0.011     0.035      47
    17.277    20.475   -15.300    -0.010    -0.011     0.035      47
    17.277    20.475    -5.100    -0.010    -0.011     0.035      47
    17.277    20.475     5.100    -0.010    -0.011     0.035      47